
strategic_region={
	id=211
	name="New Mexico"
	provinces={
		1284 1738 1764 1954 1998 2055 2102 3867 3875 3883 3911 3972 4417 4419 4955 4975 5038 7289 7291 7435 7807 7893 8064 8070 9601 9773 9908 10174 10230 10249 10320 10642 10700 10740 10867 10894 11902 12205 12276 12301 12624 12684 12720 12791 12848 12893 13164 13445 13471 13474 13488 13492 13509 13514 13516 13554 13570 13571 13595 13599 13603 13604 13605 13606 13612 13625 13639 13652 13666 13671 13677 13686 13689 13691 13692 13703 13704 13705 13710 13713 13718 13720 14094 14110 14116 14123 14128 14134 14137 14138 14139 14169 14172 14175 14182 14191 14192 14197 14198 14208 14225 14241 14247 14251 14254 14266 14267 14271 14278 14289 14290 14291 14292 14293 14302 14309 14311 14314 14324 14328 14333 14334 14342 14343 14349 14350 14356 14361 14365 14366 14373 14379 14380 14385 14390 14391 14395 14400 14408 14409 14410 14418 14421 14430 14431 14439 14472 14480 14481 14502 14503 14512 14529 14530 14542 14549 14550 14591 14592 14598 14599 14609 14650 14656 14657 14691 14705 
	}
	weather={
	}
}
