
strategic_region={
	id=211
	name="Manitoba"
	provinces={
		1848 1873 4272 4426 4790 6728 10605 12145 13163 13182 14457 14458 14459 14460 14461 14462 14463 14464 14484 14487 14493 14494 14495 14500 14509 14521 14533 14537 14547 14553 14570 14618 14665 14672 14734 14736 14758 14775 14792 14835 14892 14941 14949 14986 15002 15014 15027 15090 15091 15130 15132 15138 15151 15160 15175 15179 15181 15219 15261 15272 15277 15287 15288 15299 15314 15334 15339 15345 15347 15358 15379 15412 15431 15442 15447 15462 15471 15512 15522 15539 15540
	}
	weather={
	}
}
