
strategic_region={
	id=212
	name="Deseret"
	provinces={
		850 1424 1663 1740 1756 4285 4362 4668 4742 4865 7644 7888 7901 10535 10582 10651 10662 12535 12573 12633 12699 13153 13189 13657 13676 13699 13700 13733 13743 13749 13750 13757 13800 13807 13819 13829 13838 13863 13866 13873 13878 13884 13888 13898 13937 13942 13958 14012 14018 14029 14047 14063 14068 14076 14080 14081 14091 14097 14100 14105 14106 14119 14120 14130 14135 14142 14143 14147 14159 14170 14183 14185 14194 14195 14196 14304 14306 15594 15595 15596 15597 15598 15599 15600 15603 15614 15632 15635 15636 15640 15648 15652 15653 15662 15674 15681 15682 15697 15698 15707 15727 15737 15752 15778 15798 15814 15832 15859 16057 16058 16059 16060 16061 16062 16063 16064 16065 16066 16067 16068 16069 16070 16071 16072 16073 16074 16075 16076 16079 
	}
	weather={
	}
}
