
strategic_region={
	id=212
	name="Ontario"
	provinces={
		490 605 722 749 761 763 774 777 779 1782 3605 3608 3635 3640 3661 3763 3775 3778 4270 4775 6510 6607 6610 6625 6630 6662 6797 7366 9467 9580 9583 9585 9634 9667 9711 9740 9743 11567 11569 11585 11695 11725 12278 12582 12701 13094 13156 13161 13955 14015 14024 14027 14034 14038 14044 14303 14313 14336 14393 14412 14413 14416 14420 14428 14438 14470 14490 14510 14526 14534 14535 14539 14541 14556 14557 14566 14574 14575 14595 14597 14607 14612 14621 14622 14636 14640 14641 14649 14661 14668 14669 14677 14678 14712 14722 14728 14735 14740 14752 14759 14776 14782 14788 14814 14820 14830 14844 14857 14880 14887 14894 14902 14915 14919 14974 14975 15029 15030 15032 15037 15049 15050 15078 15110 15144 15207 15220 15289 
	}
	weather={
	}
}
