
strategic_region={
	id=213
	name="Nevada"
	provinces={
		823 1432 1562 1651 1862 4521 4657 4727 4736 4799 4816 7517 7667 7756 7827 7879 7986 10387 10591 11757 11795 12303 12374 12399 12425 13537 13540 13541 13547 13559 13560 13564 13618 13629 13647 13648 13649 13656 13662 13663 13673 13682 13684 13693 13694 13712 13723 13728 13738 13742 13748 13771 13774 13775 13782 13810 13817 13818 13828 13845 13849 13855 13856 13860 13877 13883 13897 13900 13906 15869 16147 16148 16149 16150 16151 16152 16153 16154 16155 16156 16157 16158 16159 16160 16161 16162 16231 16232 16233 16234 16235 16236 16237 16238 16239 16240 16241 16242 16243 16244 16245 16246 16247 16248 16249 16250 16251 16252 16253 16254 16255 16256 16257 16258 16259 16260 16261 16262 16263 16264 16265 16266 16267 16268 16269 16270 16271 16272 16273 16274 16275 16276 16277 16278 16279 16280 16281 16282 16283 16284 16285 16286 16287 16288 16289 16290 16291 16292 16293 16294 16295 16296 16297 16298 16299 16300 16301 16302 16303 16304 16305 16306 16307 16308 16310 16312 16313 16314 16315 16316 16317 16318 16319 16320 16321 16322 16323 16324 16325 16326 16327 16328 16329 16330 16331 16332 16333 16334 16335 16336 16337 16338 16339 16340 16341 16342 16343 16344 16345 16346 16347 16348 16349 16350 16351 16352 16353 16354 16355 16356 16357 16358 
	}
	weather={
	}
}
