
strategic_region={
	id=214
	name="California"
	provinces={
		610 677 710 768 781 941 1601 3644 4518 4607 6482 6681 6694 6699 6745 6757 6772 6876 9713 9730 9814 9855 9911 10483 11658 11763 13574 13585 13592 13597 13633 13698 13709 13717 13755 13756 13760 13761 13765 13773 13778 13779 13785 13798 15031 15039 15420 15425 15913 15914 15915 15916 15917 16309 16311 16863 16864 16865 16866 16867 16868 16869 16870 16871 16872 16873 16874 16875 16876 16877 16878 16879 16880 16881 16882 16883 16884 16885 16886 16887 16888 16889 16890 16891 16892 16893 16894 16895 16896 16897 16898 16899 16900 16901 16902 16903 16904 16905 16906 16907 16908 16909 16910 16911 16912 16913 16914 16915 16916 16917 16918 16919 16920 16921 16922 16923 16924 16925 16926 16927 16928 16929 16930 16931 16932 16933 16934 16935 16936 16937 16938 16939 16940 16941 16942 16943 16944 16946 16947 16948 16949 16951 16953 16955 16956 16957 16958 16964 16965 16966 16969 16972 16974 16975 16978 16979 16984 16985 16987 16989 16994 16997 16999 17004 
	}
	weather={
	}
}
