
strategic_region={
	id=215
	name="Inner Cascadia"
	provinces={
		1789 7721 7845 7865 9616 9695 10556 10602 10687 12553 12607 13940 13941 13966 13972 13976 13977 13978 13990 13991 13993 13994 14004 14019 14025 14042 14053 14064 14069 14071 14107 14108 15455 15628 15630 15642 15658 15659 15683 15688 15701 15732 15738 15756 15757 15758 15759 15769 15773 15780 15781 15810 15816 15823 15840 15854 15857 16163 16164 16165 16166 16167 16168 16169 16170 16171 16172 16173 16174 16175 16176 16177 16178 16179 16180 16181 16182 16183 16184 16185 16186 16187 16188 16189 16190 16191 16192 16193 
	}
	weather={
	}
}
