
strategic_region={
	id=216
	name="Washington"
	provinces={
		986 1320 1690 1832 3781 3784 3840 4296 4398 4747 4778 6861 6881 7255 7315 7386 7414 10157 10198 10242 10327 10690 10693 11859 11876 12124 12155 12214 12673 14129 14160 14171 14211 14222 14229 14234 14244 14257 14284 14287 14316 14323 14332 14335 14434 14496 14517 14966 15912 16194 16195 16196 16197 16198 16199 16200 16201 16202 16203 16204 16205 16206 16207 16208 16209 16210 16211 16212 16213 16214 16215 16216 16217 16218 16219 16220 16221 16222 16223 16224 16225 16226 16227 16228 16229 16230 16861 17131 17133 17134 17135 17136 17137 17139 17140 17142 17144 17145 17146 17147 17148 17150 17151 17152 17153 17154 17155 17157 17158 17159 17160 17162 17163 17164 17165 17166 17167 17169 17171 17172 17174 17175 17177 17178 17179 17181 17183 17184 17185 17186 17187 17188 17189 17190 17191 17192 17193 17194 17195 17196 17197 17198 17199 17200 17201 17202 17203 17204 17205 17206 17207 17208 17209 17210 17211 17212 17213 17214 17215 17216 17217 17218 17219 17220 17221 17222 17223 
	}
	weather={
	}
}
