
strategic_region={
	id=217
	name="British Columbia"
	provinces={
		917 1214 1323 1393 1408 1411 1420 1737 1799 1858 1869 1872 4343 4385 4413 4428 4678 4870 4877 5403 7259 7677 7753 7761 7820 7853 10228 10258 10273 10548 10644 12231 12259 12272 12508 12571 12578 14376 14383 14387 14397 14401 14441 14442 14443 14444 14445 14446 14474 14486 14492 14497 14498 14507 14518 14536 14543 14544 14581 14585 14586 14593 14611 14623 14629 14643 14651 14658 14683 14684 14700 14701 14730 14742 14765 14766 14773 14777 14778 14853 14868 14871 14877 14900 14921 14924 14948 14969 14994 14995 15009 15010 15047 15054 15055 15088 15118 15123 15128 15145 15172 15184 15197 15227 15232 15241 15242 15259 15269 15297 15302 15329 15330 15364 15365 15369 15376 15377 15388 15389 15409 15414 15415 15448 15449 15450 15461 15464 15468 15469 15472 15494 15510 15514 15515 
	}
	weather={
	}
}
