
strategic_region={
	id=220
	name="Alberta"
	provinces={
		1262 1347 1763 1804 3010 3706 4765 6754 7348 7718 7766 7858 10684 12534 13167 13192 14467 14505 14513 14545 14551 14552 14562 14567 14601 14602 14630 14631 14632 14664 14675 14693 14707 14717 14731 14732 14756 14770 14771 14774 14779 14802 14815 14816 14839 14872 14873 14878 14885 14925 14926 14929 14935 14957 14976 14980 15006 15013 15024 15025 15036 15056 15065 15104 15105 15119 15129 15136 15149 15167 15173 15201 15209 15214 15215 15217 15233 15255 15284 15291 15298 15310 15320 15342 15370 15371 15373 15381 15392 15396 15397 15419 15427 15428 15451 15452 15459 15473 15480 15481 15482 15483 15490 15495 15503 15516 15527 15528 15529 15530 15543 
	}
	weather={
	}
}
