
strategic_region={
	id=221
	name="Northwest Territories"
	provinces={
		2407 4272 7696 7830 8653 10527 10703 13075 15583 15584 15585 15586 15587 15588 15589 15590 15591 15592 15593 15602 15610 15619 15622 15623 15626 15631 15634 15638 15639 15644 15646 15647 15661 15667 15668 15672 15673 15678 15680 15685 15686 15691 15696 15703 15704 15711 15712 15715 15716 15720 15722 15725 15736 15746 15747 15748 15749 15750 15751 15760 15764 15777 15784 15785 15793 15794 15795 15797 15800 15801 15802 15806 15808 15812 15813 15824 15826 15827 15831 15836 15842 15843 15845 15848 15849 15858 15862 
	}
	weather={
	}
}
