
strategic_region={
	id=223
	name="Manitoba"
	provinces={
		1848 1873 4218 4426 4790 4872 5119 6728 9615 10605 12145 12636 12688 13163 13182 14457 14458 14459 14460 14461 14462 14463 14464 14484 14487 14493 14494 14495 14500 14509 14521 14533 14537 14547 14553 14559 14563 14564 14569 14570 14579 14589 14603 14604 14605 14618 14619 14625 14659 14665 14671 14672 14696 14708 14709 14713 14718 14734 14736 14737 14738 14758 14767 14775 14781 14792 14793 14804 14805 14813 14835 14842 14863 14879 14892 14893 14897 14931 14941 14944 14945 14946 14949 14950 14973 14978 14983 14984 14985 14986 15002 15008 15014 15018 15026 15027 15028 15034 15045 15046 15053 15059 15074 15075 15076 15077 15084 15085 15090 15091 15092 15107 15108 15113 15114 15115 15121 15122 15130 15131 15132 15133 15138 15146 15147 15148 15151 15152 15160 15169 15175 15179 15180 15181 15186 15187 15190 15194 15198 15212 15218 15219 15230 15237 15238 15239 15240 15261 15262 15263 15264 15271 15272 15277 15281 15282 15287 15288 15299 15300 15304 15314 15334 15339 15345 15347 15349 15358 15362 15374 15379 15383 15412 15413 15420 15421 15422 15425 15431 15442 15462 15471 15477 15484 15512 15517 15522 15539 15540 15551 15561 15566 
	}
	weather={
	}
}
