
strategic_region={
	id=224
	name="Ontario"
	provinces={
		602 605 722 749 761 763 774 777 779 1299 1769 1782 3605 3608 3635 3640 3661 3736 3763 3775 3778 4270 4753 4775 4784 4869 4875 6510 6607 6610 6625 6630 6662 6676 6797 7366 7794 7899 9467 9480 9580 9583 9585 9634 9667 9711 9740 9743 10621 10718 11567 11569 11571 11585 11602 11695 11725 11728 12278 12582 12701 13094 13156 13161 13955 14015 14024 14027 14034 14038 14044 14150 14180 14186 14203 14204 14215 14230 14238 14246 14253 14265 14269 14277 14283 14300 14301 14303 14310 14313 14318 14330 14331 14336 14340 14341 14348 14359 14360 14364 14368 14369 14370 14371 14372 14374 14375 14377 14378 14384 14393 14394 14398 14399 14402 14403 14407 14411 14412 14413 14414 14415 14416 14417 14420 14424 14425 14426 14427 14432 14433 14437 14465 14466 14468 14470 14471 14475 14476 14477 14478 14479 14485 14488 14489 14490 14491 14501 14510 14511 14516 14522 14523 14524 14525 14526 14527 14528 14534 14535 14538 14539 14540 14548 14554 14555 14556 14560 14561 14565 14571 14573 14574 14575 14576 14580 14582 14583 14594 14595 14596 14606 14607 14608 14612 14613 14614 14615 14620 14626 14627 14628 14633 14634 14635 14640 14641 14647 14648 14654 14655 14660 14666 14667 14668 14669 14673 14677 14678 14679 14680 14685 14686 14687 14689 14690 14697 14698 14699 14703 14710 14711 14712 14714 14715 14719 14720 14722 14723 14724 14726 14727 14735 14739 14740 14743 14747 14751 14759 14760 14761 14762 14763 14768 14769 14772 14776 14782 14783 14785 14788 14790 14794 14795 14796 14806 14807 14808 14809 14810 14820 14824 14825 14826 14827 14829 14843 14844 14848 14849 14850 14855 14856 14859 14864 14870 14875 14876 14880 14881 14887 14894 14895 14898 14906 14907 14908 14911 14915 14918 14919 14920 14923 14932 14937 14938 14939 14942 14947 14951 14952 14955 14956 14958 14959 14960 14961 14966 14974 14975 14981 14987 14988 14989 14990 14997 14998 15005 15011 15012 15015 15022 15029 15030 15031 15032 15033 15035 15037 15038 15039 15040 15049 15050 15060 15061 15062 15068 15078 15079 15086 15087 15096 15097 15098 15099 15109 15110 15116 15117 15125 15126 15139 15140 15144 15153 15154 15162 15164 15165 15166 15170 15176 15199 15205 15206 15207 15213 15220 15244 15245 15250 15289 
	}
	weather={
	}
}
