
strategic_region={
	id=243
	name="Carolina"
	provinces={
		1019 1077 1132 1163 4168 4491 4753 6943 7012 7045 7083 7134 7138 9876 10047 10051 10081 10096 10468 10495 11783 11927 12054 12445 13578 13579 13587 13588 13591 13602 13620 13621 13627 13632 13637 13645 13653 13654 13655 13659 13660 13661 13667 14881 14931 14937 14946 14988 15015 15033 15040 15062 15068 15079 15087 15099 15109 15117 15126 15139 15140 15153 15154 15162 15164 15165 15166 15176 15199 15205 15206 15213 15244 15245 15250 
	}
	weather={
	}
}
