
strategic_region={
	id=246
	name="Alabama"
	provinces={
		492 860 1587 1615 4464 4622 4650 4756 7185 7422 7480 7524 7640 7668 8110 10192 10352 10352 10380 10380 10449 10520 10585 11942 12429 12735 12803 13489 13490 13496 13497 13498 13499 13500 13502 15254 15269 15278 15281 15293 15307 15313 15322 15324 15325 15331 15344 15348 15352 15357 15359 15366 15374 15378 15380 15382 15390 15390 15394 15399 15406 15437 15447 15453 15477 15484 15485 15486 15500 15506 15508 15511 15520 15520 15538 15538 15546 15550 15556 15559 15559 15560 15560 15566 
	}
	weather={
	}
}
