
strategic_region={
	id=252
	name="Illinois"
	provinces={
		720 926 954 1527 1560 1604 1655 2947 4437 4508 4590 6713 6737 7611 7626 7831 9450 9657 9682 10339 10393 10457 10461 11589 12305 12312 12357 12365 12368 12456 12497 12697 13911 13920 13933 13935 13945 13946 13959 13995 13999 14010 14014 14023 14037 14039 15649 15687 15692 15693 15708 15717 15718 15723 15726 15729 15730 15739 15740 15741 15742 15761 15774 15779 15788 15789 15799 15803 15807 15819 15828 15829 15850 15853 15860 15861 15924 
	}
	weather={
	}
}
