
strategic_region={
	id=253
	name="Missouri"
	provinces={
		1347 1441 1523 1564 1621 1646 1646 3498 4444 4449 4540 4540 4567 4569 4597 4625 4625 7449 7586 7586 7607 7761 10370 10477 10684 10717 12346 12361 12463 13613 13613 13616 13617 13617 13623 13624 13626 13630 13631 13635 13643 13644 13644 13665 13665 13695 13696 13697 13707 13758 13759 13764 13768 13769 13777 13783 13790 13796 13803 14552 14602 14631 14664 14675 14700 14731 14732 14756 14765 14771 14774 14778 14779 14802 14816 14868 14872 14873 14885 14925 14926 14935 14957 14980 15006 15024 15025 15056 15058 15073 15089 15101 15104 15106 15112 15120 15124 15137 15143 15157 15159 15185 15193 15210 15221 
	}
	weather={
	}
}
