
strategic_region={
	id=254
	name="Oklahoma"
	provinces={
		602 1299 1534 1618 1806 1806 2043 2043 4740 4784 4811 4869 4919 5103 7762 7899 7904 7904 8025 9480 9802 9822 10340 10702 10718 10798 11602 11728 11743 11802 11802 13596 13601 13614 13628 13634 13636 13640 13641 13642 13646 13650 13651 13658 13658 13664 13664 13675 13675 13683 13683 13687 13690 13690 13695 13706 13715 13716 13719 13721 13722 13724 13727 13731 14150 14180 14186 14203 14215 14230 14238 14246 14253 14265 14269 14277 14283 14300 14301 14310 14318 14330 14331 14340 14341 14348 14360 14368 14370 14371 14372 14374 14375 14378 14384 14394 14399 14411 14414 14417 14426 14427 14432 14433 14437 14466 14468 14477 14485 14489 14491 14524 14527 14576 14615 14628 
	}
	weather={
	}
}
