
strategic_region={
	id=255
	name="Kansas"
	provinces={
		1753 4586 4814 4830 4871 7892 10532 10606 12024 13708 13708 13714 13714 13725 13725 13744 13745 13747 13763 13791 13792 13799 13820 13822 13826 13853 13858 15925 16359 16360 16361 16362 16363 16364 16365 16366 16367 16368 16369 16370 16371 16373 16374 16376 16378 16379 16380 16381 16382 16385 16386 16389 16390 16394 16395 16396 16398 16402 16405 16406 16407 16408 16409 16410 16411 16417 16419 16420 16422 16423 16424 16425 16429 16430 16432 16433 16434 16437 16438 16441 16442 16444 16445 16446 16448 16452 16453 16454 16456 16461 16462 16463 16464 16468 16470 16472 16473 16480 16482 16486 
	}
	weather={
	}
}
