
strategic_region={
	id=256
	name="Nebraska"
	provinces={
		1683 3613 3708 3855 4749 4757 7364 7840 7852 10676 12513 12516 12586 13789 13793 13809 13833 13865 13871 13874 13879 13880 13881 13885 13899 13901 13903 13904 13905 13922 13928 13929 13943 13951 15135 15141 15171 15182 15191 15266 15294 15295 15301 15317 15318 15335 15367 15375 15384 15400 15407 15426 15439 15443 15463 15496 15523 15524 16503 16504 16505 16506 16507 16509 16512 16513 16514 16515 16516 16517 16518 16519 16520 16521 16522 16523 16524 16525 16526 16527 16528 16529 16530 16531 16532 16533 16534 16535 16536 16537 16538 16539 16540 16541 16542 16543 16545 16546 16547 16548 16549 16551 16553 16556 16557 16558 16561 16562 16563 16564 16565 16567 16569 16570 16576 16577 16578 16581 16582 16583 16589 16596 16597 16599 16602 16605 16609 
	}
	weather={
	}
}
