
strategic_region={
	id=257
	name="Iowa"
	provinces={
		736 1586 1678 1770 3481 4218 4691 4691 4872 5119 7306 7306 7458 7458 7536 7539 7539 9615 9892 10333 10391 10516 10666 11788 11971 11971 12418 12418 12636 12646 13813 13930 13938 13939 13944 13952 13954 13956 14569 14579 14603 14604 14625 14659 14671 14696 14708 14709 14713 14718 14737 14738 14767 14781 14793 14804 14805 14813 14823 14840 14841 14842 14862 14863 14879 14891 14893 14897 14910 14930 14944 14950 14971 14972 14973 15017 15020 15021 15048 
	}
	weather={
	}
}
