
strategic_region={
	id=258
	name="Wisconsin"
	provinces={
		703 709 751 1734 1760 1849 3699 4029 4166 4738 4834 4854 5205 6767 6827 7776 7776 7829 7896 9678 10341 10526 10599 12550 14109 14122 14131 14132 14149 14152 14237 14523 15395 15403 15454 15466 15479 15498 15513 15517 15519 15534 15535 15548 15552 15556 15563 15564 15572 15575 15606 15607 15611 15612 15621 15624 15627 15645 15650 15655 15664 15671 15675 15695 15699 15700 15706 15708 15713 15721 15724 15731 15755 15762 15776 15787 15839 15846 
	}
	weather={
	}
}
