
strategic_region={
	id=259
	name="Minnesota"
	provinces={
		1719 1831 1866 1867 4664 4807 6752 7536 9669 9880 9910 10478 10618 10621 10719 11667 11667 11788 12577 12588 12588 12593 12597 12597 12688 12693 14050 14101 14104 14121 14144 14202 14207 14264 14276 14276 14288 14288 14317 14317 14355 14355 14363 14363 14478 14479 14528 14540 14559 14563 14564 14580 14589 14605 14619 14620 14624 14634 14635 14639 14644 14645 14646 14652 14653 14655 14660 14670 14676 14680 14686 14687 14688 14694 14695 14702 14703 14721 14723 14724 14725 14733 14757 14760 14769 14780 14787 14789 14791 14803 14818 14819 14822 14828 14834 14869 14886 14890 14909 14943 14954 14977 15001 15004 15910 
	}
	weather={
	}
}
