
strategic_region={
	id=260
	name="South Dakota"
	provinces={
		1747 1767 1875 3750 4839 6722 7745 7771 7877 10587 12566 13979 13980 13981 13992 14008 14009 14020 14021 14033 14035 14043 14048 14049 14051 14072 14073 14088 14089 14151 14161 14162 14205 14224 14262 16574 16580 16587 16590 16591 16598 16604 16608 16612 16614 16615 16616 16617 16620 16621 16622 16626 16627 16628 16635 16636 16637 16638 16643 16644 16646 16652 16655 16657 16659 16668 16669 16670 16674 16675 16679 16685 16686 16687 16688 16689 16691 16692 16693 16695 16699 16703 16704 16705 16706 16709 16710 16711 16713 16714 16719 16720 16721 16724 16725 16727 16728 16732 16733 16736 16738 16739 16740 16741 16744 16746 16747 16748 16751 16752 16755 16756 16757 16760 16761 16762 16767 16768 16769 16771 16772 16773 16776 16777 16778 16779 16784 16785 16788 16793 16794 16801 16802 16809 16818 16822 16830 
	}
	weather={
	}
}
