
strategic_region={
	id=261
	name="Dakota"
	provinces={
		1752 1836 1870 3208 3719 4666 4759 4772 4880 7862 7883 10176 10569 10595 10685 10709 12620 12667 12685 13166 13181 13196 13970 13975 14036 14052 14074 14090 14093 14163 14200 14201 14206 14214 14220 14235 14236 14258 14263 14298 14299 14327 14329 14339 14347 14388 14797 14821 14836 14837 14838 14845 14860 14865 14866 14903 14912 14916 14917 14927 14933 14962 14963 14967 14968 14992 14999 15003 15016 15023 15041 15064 15069 15070 15080 15082 15083 15100 15134 15200 15225 15231 15258 15273 15274 15279 15296 15326 15337 15340 15385 15386 15444 15488 
	}
	weather={
	}
}
