
strategic_region={
	id=262
	name="Wyoming"
	provinces={
		1815 4610 4723 4794 4820 7660 7688 7814 10640 10711 12561 13868 13889 13890 13891 13910 13912 13915 13916 13919 13924 13927 13936 13949 13950 13967 13973 13998 14005 14057 15926 15927 16487 16488 16491 16493 16494 16495 16496 16497 16498 16499 16500 16501 16502 16544 16550 16552 16554 16555 16559 16560 16566 16568 16571 16572 16573 16575 16579 16584 16585 16586 16588 16592 16593 16594 16595 16600 16601 16603 16606 16607 16610 16611 16613 16618 16619 16623 16624 16625 16629 16630 16631 16632 16633 16634 16639 16640 16641 16642 16645 16647 16648 16649 16650 16651 16653 16654 16656 16658 16660 16662 16663 16664 16665 16666 16667 16671 16672 16673 16678 
	}
	weather={
	}
}
