
strategic_region={
	id=263
	name="Rockies"
	provinces={
		1736 1851 1854 1857 4741 4838 4857 4860 4863 6742 7760 7779 7880 10593 10624 10672 10706 11712 12572 12585 12651 12676 13984 13985 14022 14026 14087 14092 14114 14127 14148 14179 14190 14212 14213 14218 14219 14223 14245 14249 14250 14252 14274 14275 14308 14326 14345 14346 14367 16077 16078 16080 16081 16082 16083 16084 16085 16086 16087 16088 16089 16090 16091 16092 16093 16094 16095 16096 16097 16098 16099 16100 16101 16102 16103 16104 16105 16106 16107 16108 16109 16110 16111 16112 16113 16114 16115 16116 16117 16118 16119 16120 16121 16122 16123 16124 16125 16126 16127 16128 16129 16130 16131 16132 16133 16135 16136 16137 16138 16139 16140 16141 16142 16143 16144 16145 16146 16661 16676 16677 16680 16681 16682 16683 16684 16690 16694 16696 16697 16698 16700 16701 16702 16707 16708 16712 16715 16716 16717 16718 16722 16723 16726 16729 16730 16731 16734 16735 16737 16742 16743 16745 16749 16750 16753 16754 16758 16759 16763 16764 16765 16766 16770 16774 16775 16780 16781 16782 16783 16786 16787 16789 16790 16791 16792 16795 16796 16797 16798 16799 16800 16803 16804 16805 16806 16807 16808 16810 16811 16812 16813 16814 16815 16816 16817 16819 16820 16821 16823 16824 16825 16826 16827 16828 16829 16831 16832 16833 16834 16835 16836 16837 16838 16839 16840 16841 16842 16843 16844 16845 16846 16847 16848 16849 16850 16851 16852 16853 16854 16855 16856 16857 16858 
	}
	weather={
	}
}
