
strategic_region={
	id=263
	name="Great Plains"
	provinces={
		1299 1352 1441 1523 1534 1564 1621 1806 2043 3498 4449 4569 4784 4811 6676 7449 7607 7761 7834 9480 9802 10370 10684 10717 11602 11728 12346 12361 12463 13664 13683 13695 13696 13697 13706 13707 13722 13758 13759 13764 13767 13768 13769 13777 13780 13783 13790 13796 13803 14150 14186 14203 14204 14238 14246 14265 14277 14283 14310 14330 14331 14340 14368 14370 14371 14372 14417 14552 14602 14631 14664 14675 14700 14731 14732 14756 14765 14771 14774 14778 14779 14802 14816 14868 15058 15073 15089 15101 15106 15112 15120 15124 15137 15143 15157 15159 15185 15193 15210 15221 15430 15478 15487 15557 15568 15608 
	}
	weather={
	}
}
