
strategic_region={
	id=271
	name="South Dakota"
	provinces={
		1747 1836 1875 3208 3750 4666 4772 4839 4880 7862 10569 10595 10685 12620 12667 13166 13970 13975 13979 13980 13992 14008 14009 14020 14021 14033 14035 14036 14043 14048 14049 14051 14052 14072 14073 14074 14089 14090 14093 14200 14837 14845 14860 14865 14866 14912 14916 14917 14933 14968 14992 14999 15016 15064 15070 15082 15083 15100 15200 15225 15231 15258 15273 15274 15279 15296 15326 15337 15340 15385 15386 15444 15488 16574 16580 16587 16590 16591 16598 16604 16608 16612 16614 16615 16616 16617 16620 16621 16622 16626 16627 16628 16635 16636 16637 16638 16643 16644 16646 16652 16655 16657 16659 16668 16669 16670 16674 16675 16679 16686 16687 16688 16689 16693 16695 16699 16703 16706 16710 16711 16714 16719 16720 16725 
	}
	weather={
	}
}
