
strategic_region={
	id=272
	name="North Dakota"
	provinces={
		1752 1870 3719 4759 6722 7877 7883 10176 10709 12566 12685 13181 13196 14161 14162 14163 14201 14205 14206 14214 14220 14224 14235 14236 14258 14262 14263 14298 14299 14327 14329 14339 14347 14388 14797 14821 14836 14838 14903 14927 14962 14963 14967 15003 15023 15041 15069 15080 15134 16721 16724 16732 16733 16740 16741 16744 16746 16748 16752 16756 16757 16760 16762 16767 16768 16771 16772 16773 16777 16778 16779 16785 16788 16793 16794 16801 16802 16809 16818 16822 16830 
	}
	weather={
	}
}
