
strategic_region={
	id=217
	name="British Columbia"
	provinces={
		917 1214 1323 1393 1408 1411 1420 1737 1799 1858 1869 1872 4343 4385 4413 4428 4678 4870 4877 5403 7259 7677 7753 7820 7853 10228 10258 10273 10548 10644 12231 12259 12272 12508 12571 12578 14376 14383 14387 14397 14401 14441 14442 14443 14444 14445 14446 14474 14486 14492 14497 14498 14507 14518 14536 14543 14544 14581 14585 14586 14593 14611 14623 14629 14643 14651 14658 14683 14684 14701 14730 14742 14766 14773 14777 14853 14877 14900 14921 14924 14995 15009 15010 15054 15088 15118 15128 15145 15172 15259 15302 15329 15364 15369 15409 15448 15451 15461 15464 15514 
	}
	weather={
	}
}
