state={
	id=1117
	name="Hudson Bay Lowlands"
	history = {
		owner = CAN
		add_core_of = CAN
		buildings = {
			infrastructure = 3
		}
	}
	provinces={
		761 4753 14856 14859 14870 14875 14876 14887 14895 14907 14908 14915 14918 14919 14920 14923 14932 14938 14939 14942 14947 14952 14955 14956 14961 14966 14974 14975 14981 14987 14988 14989 14990 14997 14998 15005 15011 15012 15022 15029 15030 15031 15032 15033 15035 15037 15038 15039 15040 15049 15050 15060 15061 15062 15068 15078 15079 15086 15087 15096 15097 15098 15099 15109 15110 15116 15117 15125 15126 15139 15140 15144 15153 15154 15162 15164 15165 15166 15170 15176 15199 15205 15206 15207 15213 15220 15244 15245 15250 15289 
	}
	manpower=50124
	buildings_max_level_factor=1.000
	state_category = rural
}
