state={
	id=1118
	name="Ontario Shield"
	history = {
		owner = CAN
		add_core_of = CAN
		buildings = {
			infrastructure = 2
		}
	}
	provinces={
		763 1769 3736 4775 4875 7899 11571 13094 14359 14364 14369 14374 14377 14384 14393 14398 14399 14402 14403 14407 14411 14412 14415 14420 14424 14425 14432 14433 14465 14466 14468 14470 14471 14475 14476 14488 14489 14490 14501 14510 14511 14516 14522 14523 14525 14526 14534 14538 14548 14554 14555 14560 14561 14565 14571 14573 14574 14582 14583 14594 14595 14596 14606 14607 14612 14613 14614 14626 14627 14633 14640 14641 14647 14654 14666 14667 14673 14677 14678 14685 14689 14690 14697 14710 14711 14714 14715 14719 14722 14726 14727 14735 14739 14747 14759 14761 14762 14776 14782 14783 14785 14790 14794 14795 14806 14808 14824 14829 14843 14844 14848 14849 14855 14864 14880 14881 14894 14898 14906 14911 14937 14951 14958 14959 14960 15015 
	}
	manpower=102365
	buildings_max_level_factor=1.000
	state_category = wasteland
}
