
state={
	id=1119
	name="Eastern Ontario Field"

	history={
		owner = CAN
		add_core_of = CAN
		buildings = {
			infrastructure = 3

		}

	}

	provinces={
		1769 4775 4875 7794 7899 9740 10621 10718 11571 12701 13094 13161 14359 14364 14369 14374 14377 14384 14393 14398 14399 14402 14403 14407 14411 14412 14415 14420 14424 14425 14426 14432 14433 14437 14465 14466 14468 14470 14471 14475 14476 14485 14488 14489 14490 14501 14510 14511 14516 14522 14523 14524 14525 14526 14527 14534 14538 14539 14548 14554 14555 14560 14561 14565 14571 14573 14574 14575 14576 14580 14582 14583 14594 14595 14596 14606 14607 14608 14612 14613 14614 14615 14620 14626 14627 14628 14633 14634 14635 14640 14641 14647 14648 14654 14655 14660 14666 14667 14668 14669 14673 14677 14678 14679 14680 14685 14686 14687 14689 14690 14703 14710 14714 14715 14719 14723 14724 14726 14735 14740 14759 14760 14769 14776 14782 14880 
	}
	manpower=54126
	buildings_max_level_factor=1.000
	state_category=rural
}
