
state={
	id=1133
	name="Région du Nunavik"

	history={
		owner = QBC
		buildings = {
			infrastructure = 3
			industrial_complex = 1
			15191 = {
				naval_base = 3

			}

		}
		add_core_of = QBC

	}

	provinces={
		3208 6740 10176 12147 13166 13181 13184 13186 13196 14838 14845 14857 14860 14865 14866 14888 14902 14903 14912 14913 14916 14917 14927 14933 14962 14963 14967 14968 14991 14992 14999 15003 15016 15023 15041 15063 15064 15069 15070 15080 15082 15083 15093 15100 15134 15183 15192 15195 15200 15224 15225 15231 15257 15258 15273 15274 15279 15296 15326 15337 15340 15355 15363 15385 15386 15391 15444 15488 15501 15570 15676 
	}
	manpower=50482
	buildings_max_level_factor=1.000
	state_category=rural
}
