
state={
	id=676
	name="STATE_676"
	resources={
		oil=8.000
	}

	history={
		owner = IRQ
		buildings = {
			infrastructure = 3

		}
		victory_points = {
			10106 1 
		}
		add_core_of = IRQ

	}

	provinces={
		1600 1938 3916 5014 6826 8123 10106 10793 10804 10811 12372 17452 17457 17461 17462 17463 17464 17465 17466 17467 17468 17469 17470 17471 17472 17473 17474 17475 17476 17477 17478 17479 17480 17481 17482 17483 17484 17485 17486 17487 17488 17489 17490 17491 17492 17493 17494 17495 17496 17497 17498 17499 17500 17501 17502 17503 17504 17505 17506 17507 17508 17509 17510 17511 17512 17513 17514 17515 17516 17517 
	}
	manpower=1182741
	buildings_max_level_factor=1.000
	state_category=town
}
