
state={
	id=951
	name="Northern Reigon"

	history={
		owner = CAN
		add_core_of = CAN
		buildings = {
			infrastructure = 1

		}

	}

	provinces={
		6728 10605 14931 14945 14946 14978 14983 14984 14985 14986 15002 15008 15014 15018 15026 15027 15028 15034 15045 15046 15053 15059 15074 15075 15076 15077 15084 15085 15090 15091 15092 15107 15108 15113 15114 15115 15121 15122 15130 15131 15132 15133 15138 15146 15147 15148 15151 15152 15160 15169 15175 15179 15180 15181 15186 15187 15190 15194 15198 15212 15218 15219 15230 15237 15238 15239 15261 15262 15271 15272 15277 15287 15288 15299 15300 15304 15314 15334 15339 15345 15347 15358 15379 15412 15431 15442 15462 15471 15477 15512 15522 15539 15540 
	}
	manpower=50124
	buildings_max_level_factor=1.000
	state_category=wasteland
}
